   -86    127
    99   -128
   -82   -128
   -97    -33
   -16    127
    -8    127
    62    127
   -33    127
   114    127
    59   -128
   -41   -128
    64   -128
  -102   -128
   -84     26
    25   -128
   -70    127
   -48    127
   117   -128
   -18   -128
   -56   -128
   -77     57
   -13    127
     9    127
    74    127
    46    127
   123    -55
     2    103
    12    127
    72    127
     8   -116
    63   -128
   -98   -128
   -23   -128
  -128    -59
   -23    112
    -4    127
   -24    127
    90    127
    82   -128
   -49   -128
  -101     38
   -73    127
   116    127
    17   -128
   -16     28
   -43    127
   100   -128
   -88    127
    26     92
    78   -128
  -125   -128
   -92    127
    47    127
    27     38
    86   -128
  -117   -128
   -43     10
   -50    127
    41   -128
   -33    -66
   -78    127
   117    127
    32   -128
   -21   -128
   -92    127
    61    127
    78   -128
    -5   -128
   -32   -128
    39   -128
  -121   -128
   -69     11
   -29   -128
     0   -128
  -106   -118
   -98    127
   119   -128
   -42   -128
   -94    113
   -55    127
   116   -128
  -102   -128
  -103    127
    62    127
    76    127
    89    -31
    61   -128
   -63     57
    39   -128
    -6   -128
  -101   -128
  -117   -128
  -127    127
    86   -128
   -70   -128
   -52   -128
   -62   -128
  -126      7
    39   -128
   -95   -128
   -91    127
    82   -128
  -106    127
    35    127
    97    127
    18    127
    44    127
    95     22
   -31      2
    78   -128
   -74   -128
  -114   -128
   -56    127
     9    127
    27    127
   121    127
   106    127
   107   -128
    -4   -128
   -64    127
   -18    127
   119     58
    74   -128
  -118   -128
  -125   -128
   -62   -128
   -51   -128
   -88   -114
   -77    127
    59    127
   100   -128
   -16   -128
   -98   -128
    54   -128
  -125   -128
  -120    127
    92   -128
   -83   -107
   -17   -128
    23   -128
  -109    118
    54   -128
   -45    127
   -19    127
   126    127
   -14   -128
    48    -39
   -69    127
   109    127
    77    -91
    81   -128
  -114    127
    98    127
    95    127
   112    127
    81     47
    12    127
    58    127
     9     26
    92   -128
  -111    -48
   -18    127
    58    127
    78   -128
   -89   -128
   -35   -128
  -106    127
    34    127
    65   -128
    -3   -128
   -89   -128
   -60   -128
   -30   -128
   -43   -128
   -52   -128
  -116    127
   125   -128
  -117   -128
    56   -128
   -95   -128
    23   -128
   -90    127
    11    127
    68   -128
   -69   -128
   -98    -92
   -10   -128
   -32   -128
   -56   -128
   -34   -128
   -88    -55
   -39    127
    23    127
    95   -128
   -99   -128
  -105    127
   -10    127
   116   -128
     3   -128
  -123    -49
   -25    127
    43    127
    68   -128
   -82     -2
     3    127
    31    124
   -27    127
    68   -128
   -42   -128
    -2   -128
   -52   -128
  -125   -128
   -56    -78
  -110    127
    89    127
     3     60
    96   -128
  -110    127
    75    127
   -29    127
   126   -128
   -82   -128
    18   -128
   -63   -128
  -118   -128
    18   -128
  -120     66
    71   -128
  -102    127
    53    127
    44   -128
   -44   -128
  -121   -128
   -46    127
    -1   -128
   -19   -128
   -87   -128
   -69   -128
   -61   -128
   -91    127
    -7    127
    66   -128
   -62   -128
   -16    127
     4    127
    58     50
   -10    127
    30   -128
    26   -128
  -102    127
    49    -11
    18   -128
   -75    -48
    56   -128
   -88   -128
  -124    127
     1    127
    58    127
    73    127
    82    127
    55    127
    44    127
   100   -128
   -80   -101
    78   -128
  -101   -128
   -84    127
    29    127
    67   -128
   -97   -128
    43   -128
   -98    127
    33    127
    31    127
   127   -128
    36   -128
  -116     26
    39    127
   -21     63
    21     68
   -14    127
    37   -113
   -12    -75
   -16   -128
    19   -128
   -95   -128
   -90    127
    49    127
   -26    127
   107   -128
   -85   -128
   -46     87
   -27     -2
    43   -128
  -102    127
    -2    127
    76    127
    55    127
    97    127
    89    127
    84    127
    81    127
    94   -128
   -61   -128
    26   -128
   -74   -128
  -112    103
    18     69
   -30    111
     6    127
    14    127
   126    127
   106   -128
  -103   -128
   -75   -128
  -114    127
    94   -128
   -47   -128
   -84    127
   -44    127
   120   -128
   -76    127
    40    127
   101   -128
  -112   -128
  -122   -114
   -98    127
    87    127
    75     49
    -3    127
    45    127
    96    127
   125    127
    85   -128
   -37   -119
   -55    127
   110    103
     3     42
    -6   -117
    64   -128
  -118   -128
   -56   -128
   -44   -116
   -81    127
    55     95
    -6    127
    -7    127
   104   -128
  -122   -128
   -75   -128
   -73   -128
  -120    127
    89    127
    60     52
    37   -128
   -20   -128
   -96   -128
  -113    127
   118    127
    62    127
    71   -128
     4   -128
   -65    127
    81   -118
   -10   -128
   -46   -128
   -54     66
   -21    127
    30   -128
   -41    127
   -36    127
   121   -128
   -64   -128
   -83   -128
  -108    127
    12    127
     0    127
   101   -128
   -98   -128
   -64   -128
    10   -128
  -112   -128
   -60     21
    -6   -128
   -34    127
   -61    127
   122     58
   -47    127
    59     23
    51   -128
   -79   -128
  -118    127
    45    -33
   -27     50
   -31    127
    68   -128
   -42     21
    -4     93
    39    127
   -46    127
   125   -128
  -117    -85
    41     37
   -38    127
    35    127
   105    127
   103   -128
   -82   -128
  -100     52
    62   -128
  -107    127
    22    127
    43    127
   110    127
    39     66
    87   -128
   -64   -128
    16     95
   -25    -11
    49   -128
   -83    127
    74    127
    40    127
    81    127
    65    127
    68    127
    82     42
   106   -128
  -117     63
    93   -128
   -71   -128
   -48   -128
  -118   -128
   -57    127
   -23    127
    51    -38
    28   -128
   -74   -128
    18    127
   -54    127
   117   -128
  -121    127
   103   -128
   -34   -128
   -88   -128
  -104    127
   -57    127
   100    127
    -4    127
   125     11
   -42    127
    82   -128
    -8   -128
   -91   -111
   -14   -128
    -1   -128
   -97    127
    41    127
    19    127
   -19    127
   116   -128
    21   -128
  -108     80
   -27    127
    91   -128
   -82   -128
   -94      7
    45   -128
   -94    -39
   -71    127
   109    102
   -43    -71
    52   -128
   -63   -128
   -53   -128
   -60    127
   -13    127
   116   -128
  -126   -128
   -62   -128
   -25   -128
  -117    127
    79    127
   123   -128
   -17   -128
   -96    127
   105    127
   -52    -18
    95   -128
  -122    127
   107   -128
   -91   -128
   -32    127
    14    127
    44    127
   119     70
   -53    127
   126    127
    86   -128
   -71    127
    71    127
    89   -128
  -108   -128
   -24    127
    -6    127
    22     96
    23     -5
   -16    -10
    33   -128
   -42   -128
    15     48
   -73    127
   115    -88
  -113    127
   124   -128
  -107   -128
   -35    127
   -26    127
    48    127
    66    127
    90    127
   113   -128
   -95   -128
   -37    127
    61    127
    67    127
    26   -128
    77   -128
  -123   -128
   -65    127
    -2    127
     7    127
    64   -128
    14    -12
   -57    127
   117   -128
   -71    127
    18    127
   125   -128
   -62   -128
  -108   -128
    -6   -128
  -117     97
   -28    100
    54   -128
  -112    127
   110    127
   108     86
    43   -128
   -10   -128
  -110    127
    23    127
    45    127
    78   -128
    -5   -128
    -9   -128
   -54   -128
   -29   -128
   -87    127
    29    127
   121   -128
   -61   -128
     0   -128
   -37   -128
   -84    127
    53    127
   105    -45
    25   -128
   -40   -128
   -88   -128
  -102   -128
   -59    127
   -63    127
   112    127
    53   -128
   -26     69
   -39    127
   121   -128
   -74    127
    61     70
    20    127
   -29    127
   121   -128
  -128    127
   125    -97
   -81   -128
    60   -128
  -102   -128
   -30   -128
     3     23
   -91    127
   124    127
    73   -128
   -47   -128
  -118     36
   -39    127
    61     -8
    -1   -128
   -35   -128
  -113   -128
  -104    127
    -4    108
   -13   -128
   -12   -128
  -103   -128
    -8    -22
   -93    127
    93     10
     6    -24
   -50    127
   102   -128
   -90   -128
    68   -128
  -116    127
    97    127
   -67    127
   105   -128
   -92   -128
    37   -128
  -116    127
    35    127
    19    127
   105     80
    46   -128
   -37   -128
   -95   -128
   -26   -128
   -53   -128
    -6   -128
   -87    -17
   -87    127
   123   -128
  -118   -128
   -58    127
    71      1
   -71   -102
    71   -128
  -117   -128
   -39    106
   -75    127
   105   -128
   -20   -128
  -128   -128
   -63   -128
   -73   -128
   -98   -128
   -36    127
   -34    127
   115   -128
   -86     36
   -34    127
   112    127
     7   -128
    -1   -128
   -30    127
   -15    127
    71    127
   -12    127
    68   -128
    14   -128
   -72   -100
   -51    127
    69    127
    52    -50
   -73    127
   126    127
   105   -128
     5   -128
   -44    127
    64    127
    88   -128
  -108    127
    88    127
    20    127
    59    127
   110   -128
    13   -128
   -56    127
    81    118
   -20    108
    41     48
    -6   -128
    25   -128
  -121   -128
  -104     69
    35     31
   -88    127
    85   -128
   -75   -128
  -118    127
    75     12
    37   -128
  -119    127
    60    127
    40    121
   106   -128
  -124   -128
   -91    127
    40    127
   -17    127
   121    127
    98    127
    93   -128
     6   -128
   -44   -128
   -42    127
   -59    127
   115   -128
   -93     52
   -19    127
    89    106
    44   -128
   -62    127
    -9    127
   120    127
   117   -128
   -51   -128
  -115    127
   121    127
    50   -128
   -69    -71
    90   -128
  -124   -128
   -68   -108
   -22    127
   -39    127
    57   -128
   -58   -128
     6   -128
   -63   -128
   -75   -128
  -121   -128
   -80   -128
  -128   -128
   -36   -128
  -100    127
    19    127
   -19    127
    64    127
    51   -128
    32   -128
  -127    127
    95   -128
   -63   -128
   -30   -128
   -81    -81
    52   -128
  -128    127
   126   -128
  -118    127
    71    127
    60   -128
   -55   -128
    10   -128
  -106     18
   -65    127
   106    127
    96   -128
   -94   -108
    46    127
   -45    127
   103    127
    93   -128
   -83    -85
     5     37
    25   -128
   -54    127
    -6    127
   125   -128
   -51   -128
   -11   -128
   -37    127
    17    127
    18    127
    78   -128
    34   -128
   -79    127
    83     39
    22   -128
   -55   -128
    -3   -128
  -117   -128
   -53    127
    -9    127
     7    127
    95   -128
  -105   -128
   -35    127
   -15     33
    48   -128
   -97     98
    46   -128
   -26   -128
   -78   -128
   -48     64
     7    127
   -32    127
   122    127
    41     39
   -33    127
   115    -15
    -7    127
    -3    127
   104   -128
  -112   -128
  -120   -128
   -85    127
    16    127
   -10    127
   103    127
    74   -128
   -66   -128
  -107    127
    89    127
   127   -128
   -92   -128
    51   -128
   -83    127
    13    127
    37    127
    56    127
    68    127
    86    127
    17    127
   126    127
   -14    127
   103     52
    13   -128
     5   -128
   -22   -128
  -108   -128
   -25    119
   -35    127
    37    127
    56    127
   113     28
    84   -128
   -95    127
    13    127
    70   -128
  -105   -128
   -52   -128
   -50   -128
   -58     49
    -3    127
   -11    127
   103    127
    92    102
   101   -128
   -87    127
   104    127
    77    127
   106   -128
     3   -128
   -40   -128
   -47    127
    51     44
    57   -128
  -105    103
    89   -128
   -80   -128
    -4   -128
   -67     76
   -19    -86
    39   -128
  -117   -128
   -40    127
   -43    127
   118    -66
   -62    -91
    55     73
   -65    127
   112    127
    82   -128
   -99    127
   -17    127
   125    127
    85   -128
   -76    127
   111    127
    88     69
    -6   -128
    69   -128
  -108     23
   -47    127
   112    127
    65   -128
   -83    127
    59    127
    42     23
    -8   -128
    35   -128
  -120    127
    62   -128
   -15   -128
  -128    127
   120    127
    27    127
   111   -128
   -87   -128
   -52   -128
  -105   -123
   -44    127
     0    127
    92   -128
  -117   -128
    -9   -128
  -105   -128
   -49   -128
   -31   -128
  -101     81
    -1    -54
     4   -128
   -72   -128
  -127    127
   107    127
    55    127
    91    127
    16     59
    76   -128
   -55   -128
   -98    127
   127    127
    66    -49
    60   -128
   -65    123
    40    -11
     7   -128
   -36   -128
  -104   -128
    -2   -128
  -128     13
   -66    127
    94    127
    86     -2
    42    -10
   -34    127
   103    127
    66    121
    81   -128
   -53    127
    71    127
   103    127
     6    127
    62    -81
    50   -128
   -86   -128
   -84     93
   -48    127
    70    127
    49    127
     9    127
    99    127
    55    127
    94      6
   -26    127
    82    127
   124    127
    38     42
    46   -128
     6     86
   -36    127
   107    127
    77   -128
   -75   -128
     7   -128
  -112   -128
     7   -101
  -117    127
   108    -78
     3   -128
   -79    127
   103   -128
   -19   -128
  -115    127
    77   -128
   -79   -128
   -18   -128
  -123    -28
    42   -128
   -94   -128
    41   -128
  -115    127
    37    127
    75     28
    24    -87
   -29    127
    61    127
    80     74
    50    -11
   -35    127
    97   -128
   -49   -128
  -105    127
    72    127
   127     58
    76   -128
   -86    127
    85     38
     4   -128
   -24   -128
   -54     55
   -18      0
    34   -128
   -82   -128
  -116   -128
  -119    124
   -63    127
    71   -128
   -84    -50
   -28    127
    54    127
    70    127
    74    127
    76   -128
   -40   -128
   -62   -128
  -122    127
   -30    127
    93    127
   -29    127
    54     68
    72   -128
   -96   -128
   -83   -128
    25   -128
  -127   -128
   -95    127
    36    127
    61    127
   -24     79
    78   -128
   -69    127
    49    127
   103   -128
   -94   -128
   -72   -128
   -88    127
    38    127
    -7    127
   103   -128
   -31   -128
    -5   -128
   -16   -128
   -66   -128
   -20     -3
   -55    127
    54    127
   -11    127
    47   -118
    -1   -128
   -29   -128
   -69    127
    -7    127
    52   -119
    41   -128
  -111    127
   123    127
     8   -128
    40      8
   -64    127
   125   -128
  -125   -128
   -64    -36
   -80    127
    77    127
    33    127
    66    127
    24    127
   111   -128
   -49   -128
   -72   -128
   -42   -128
   -50    -27
   -32   -123
    14   -128
   -85     36
    19    127
   -18    127
    36    127
    45   -127
    -2    127
   -18    127
   114    127
    -7     63
   105   -128
  -100    127
    29    127
    97     10
     6   -128
    -7   -128
   -89     -1
   -78    127
   121     33
   -20   -128
    -6   -128
   -95    117
   -59    127
   121    127
   102    127
    83   -128
     0   -128
   -28    127
    21    127
   112    127
    70    127
    -9    127
   125   -128
    14   -128
  -118    -74
    23    -79
   -34    -47
   -20   -128
    13   -128
  -115   -128
   -15   -128
  -107     32
   -85    127
   122    127
   123    127
   117   -128
    82   -128
  -117    127
    88    127
   102   -128
   -67     29
   -36    127
   124     68
     8     28
   -19    127
    90    127
   112    127
    90    127
   124   -128
    29   -128
   -88    127
   100    127
    81   -128
    -9   -128
   -72   -128
  -125   -128
   -13   -128
   -96   -128
  -113    127
    91    -78
  -114    127
    95    127
    19    -71
    53   -128
   -77   -128
   -10    -45
   -91    127
   104    127
   -65    127
   116    127
    78    127
    82   -128
   -47   -128
  -104    127
   117    127
   120   -128
  -115    127
   100    127
    -8    127
    12    127
   110   -128
   -99   -128
   -35   -128
   -58    -33
  -100    127
   120    127
     6   -128
    33   -128
   -52   -128
   -33   -128
  -110    127
    34    127
   120   -128
   -76   -128
  -119   -128
  -110    127
   119    127
   -38    127
   105    -70
    44   -128
   -91    127
    79    127
    82    127
    51    127
   102   -128
   -70    127
    48    127
    96    127
    -7    127
   123    127
    89    127
    92   -128
   -54    127
   103    127
    21    127
    12    127
    70     91
    43   -128
   -35   -128
   -71    -23
     7    127
   -28    127
   107    107
     3    127
    13    127
    85    -96
    57   -128
  -111    127
   106   -128
   -80   -128
   -36   -128
   -93   -128
   -41     55
    -4    -47
   -25      7
    -5   -128
     3   -128
   -59    127
    24    -21
    60   -128
  -128     11
   -34    127
    88   -128
   -30   -128
   -66   -128
  -120    127
    41    127
    74     36
    45   -128
   -59   -128
    29   -128
   -65    -73
   -60    127
    80    127
    -9    127
    44    127
    32    127
    39   -128
     1   -128
   -55    127
    22    127
   116     42
   -40     65
    78   -108
   -50    127
    47    127
   110    127
   126   -128
   -36   -121
    57    -73
   -52    127
    63     78
   -22    127
    41    127
   117    127
   119   -128
   -84    127
    40    127
    76   -128
   -81   -128
  -104   -128
   -85   -128
  -113    127
    74     -1
    31   -128
  -113   -128
  -108    127
    40    127
    42    127
   111    127
   119    117
    86   -128
   -48    127
    30    127
   104    -45
    -3    127
    -1    127
    97    127
    73   -128
   -43   -128
    12   -128
   -54   -128
    26   -128
  -126   -128
   -78   -128
   -54   -128
  -113   -128
   -21   -128
   -53     12
   -63    127
    79    127
     2   -128
     0   -128
   -79    127
    42    127
   104   -128
  -106   -128
  -122    127
   -13    127
    50   -128
   -60   -128
   -79    127
   101    -28
   -63    -59
    48     54
   -58    127
    93   -128
   -35   -128
  -103    127
    63    127
    87   -128
   -95   -128
   -23    127
   -66    127
   113    127
   -13     86
    56    127
   -23    127
    84   -128
   -49   -128
   -70    127
    11    127
   122    127
    94   -128
    31   -128
  -128    127
    10    127
    78    122
   -32    127
    72    127
   -34    127
   118    127
    93   -128
   -83     23
    88   -128
   -75   -128
  -121    127
   104    127
    50    127
   -11    127
   109    127
    58    127
    23    127
   125   -128
   -59   -128
   -56    127
   110    127
   105   -128
   -57     54
    31    127
    29    127
   113    127
   -14     96
    78   -128
   -42    127
    16     28
    79   -128
  -126    127
   127    127
    43   -128
   -42    127
    14    127
   115    -78
    50   -128
  -101   -128
   -88   -128
  -126    127
   -13    127
    30     69
    63   -128
  -104   -128
  -100    127
   102   -128
   -70   -128
  -124    127
     0    127
    82    127
   124   -128
   -22   -128
   -93    127
    27    127
    99    127
   109   -128
   -86    127
   104    127
    52   -128
   -64   -128
   -49    127
    55    127
   105    127
    93    127
    94   -128
    28   -128
   -98   -128
   -42    -88
  -107    127
   105    127
    63   -128
    11   -128
  -110    127
   102    127
   -39    127
    65    127
    67    127
   127    -36
    25   -128
   -11   -128
  -119    127
   120    127
   -45    127
    85    127
    89    -16
    -9    127
    42   -128
    51   -128
  -120     16
    71   -128
   -79   -128
    35   -116
   -82     54
    72   -128
   -94   -128
   -49   -128
   -58   -128
   -90   -128
   -45   -128
   -14     27
   -64    127
    77    127
   113   -128
  -107      2
     1    127
    61    -57
    33   -128
   -83   -128
   -65   -128
    10   -128
  -104   -128
    27   -128
  -128    127
    60    127
    -2    127
   108    127
   113   -128
    -9   -128
   -14    127
    47    127
   109    127
    50    -12
   -17    127
    79    -64
   -25    -64
    21   -128
   -18   -128
   -66   -128
   -15    102
   -37    127
    55   -128
   -58     -6
    17    127
    -9    127
   106    127
   105   -128
   -42   -128
   -79    127
   104    127
   100   -128
    14   -128
   -63   -128
   -95    127
    57    127
    65    127
    76    -64
   -42    127
    86    127
   103   -128
   -57   -128
  -113    127
   -35    127
    87   -128
  -113    127
   110    127
    83   -128
   -37   -128
   -93    127
   108   -128
   -33   -128
   -88    127
   127    127
    45   -128
    51   -128
  -108   -128
   -87   -128
   -78    -21
   -38    127
